<?xml version="1.0"?>
<opencv_storage>
<image_width>1280</image_width>
<image_height>720</image_height>
<camera_matrix type_id="opencv-matrix">
  <rows>3</rows>
  <cols>3</cols>
  <dt>d</dt>
  <data>
    9.4244454892491513e+02 0. 640. 0. 9.4167867416964430e+02 360. 0. 0.
    1.</data></camera_matrix>
<distortion_coefficients type_id="opencv-matrix">
  <rows>1</rows>
  <cols>5</cols>
  <dt>d</dt>
  <data>
    -4.5188709798198423e-01 3.3147007667249823e-01 0. 0.
    -1.7931379628162297e-01</data></distortion_coefficients>
</opencv_storage>
